Sync: 9.578252792358398 s.
Threading: 9.660474061965942 s.
Multiprocessing: 1.6506187915802002 s.
